Obj:[101489.0, 373234.0, 334638.0]
Mapping space:[array([[-0., -0., -0., -0., -0., -0., -0.,  1., -0.],
       [-0., -0., -0., -0., -0., -0.,  1., -0., -0.],
       [-0., -0., -0.,  1., -0., -0., -0., -0., -0.],
       [ 1., -0.,  0., -0.,  0., -0., -0., -0., -0.],
       [-0.,  1., -0., -0., -0., -0., -0., -0., -0.],
       [-0., -0.,  0., -0., -0.,  0., -0., -0.,  1.],
       [ 0., -0.,  0., -0.,  1., -0., -0., -0., -0.],
       [-0., -0.,  0., -0., -0.,  1., -0., -0.,  0.],
       [ 0., -0.,  1., -0., -0.,  0., -0., -0.,  0.]]), array([[-0., -0., -0., -0.,  1., -0., -0., -0., -0.],
       [ 0., -0., -0.,  1., -0., -0.,  0., -0.,  0.],
       [-0., -0., -0., -0., -0., -0., -0.,  1., -0.],
       [-0., -0., -0.,  0., -0., -0., -0., -0.,  1.],
       [-0., -0., -0., -0., -0.,  1., -0., -0., -0.],
       [-0., -0.,  1., -0., -0., -0., -0., -0., -0.],
       [ 0.,  0., -0.,  0., -0., -0.,  1., -0., -0.],
       [ 0.,  1., -0.,  0., -0., -0., -0., -0.,  0.],
       [ 1.,  0., -0.,  0., -0., -0.,  0., -0.,  0.]]), array([[-0., -0., -0., -0., -0., -0., -0., -0.,  1.],
       [-0., -0., -0., -0., -0., -0., -0.,  1., -0.]])]
Mapping time:[array([    0., 17838., 32640., 35777., 50579., 59989., 53717., 74430.,
       75999.]), array([     0.,   1570.,   1570.,  63027.,  63812., 145494., 303273.,
       146280., 373233.]), array([     0., 302474.])]